450 0 FT943-14084 0 79.488640 0 
450 0 FT924-8277 1 78.574516 0 
450 0 FT933-748 2 77.490578 0 
450 0 FT943-10634 3 76.917229 0 
450 0 FT941-12873 4 76.801941 0 
450 0 FT944-15625 5 76.440796 0 
450 0 FT943-15934 6 75.345276 0 
450 0 FT942-4289 7 74.615593 0 
450 0 FT933-924 8 73.975342 0 
450 0 FT944-13606 9 73.033699 0 
450 0 FT943-12145 10 72.737106 0 
450 0 FT933-912 11 72.536926 0 
450 0 FT941-13153 12 71.770798 0 
450 0 FT943-12560 13 71.138412 0 
450 0 FT933-5957 14 70.445541 0 
450 0 FT933-5518 15 70.401611 0 
450 0 FT923-14696 16 68.754158 0 
450 0 FT943-13871 17 68.533470 0 
450 0 FT941-10100 18 68.495705 0 
450 0 FT924-8272 19 68.398041 0 
450 0 FT944-15512 20 67.610268 0 
450 0 FT943-12406 21 67.601135 0 
450 0 FT933-3882 22 66.674713 0 
450 0 FT933-5611 23 66.464951 0 
450 0 FT921-16122 24 66.276711 0 
450 0 FT943-15923 25 66.066597 0 
450 0 FT941-17555 26 65.776726 0 
450 0 FT924-7491 27 65.692879 0 
450 0 FT943-11046 28 65.685204 0 
450 0 FT944-12268 29 65.126747 0 
450 0 FT943-13669 30 65.012718 0 
450 0 FT942-11628 31 64.805481 0 
450 0 FT931-8210 32 64.746590 0 
450 0 FT933-2144 33 64.369171 0 
450 0 FT943-15066 34 64.332802 0 
450 0 FT944-13630 35 64.040398 0 
450 0 FT943-14806 36 63.086391 0 
450 0 FT943-15113 37 62.999043 0 
450 0 FT921-3964 38 62.960926 0 
450 0 FT943-6333 39 62.917427 0 
450 0 FT943-13098 40 62.886921 0 
450 0 FT931-7994 41 62.624950 0 
450 0 FT934-6691 42 62.535934 0 
450 0 FT923-13341 43 62.531631 0 
450 0 FT943-9887 44 62.173237 0 
450 0 FT933-2154 45 62.148376 0 
450 0 FT923-5057 46 61.037319 0 
450 0 FT923-13456 47 60.821693 0 
450 0 FT943-9719 48 60.674030 0 
450 0 FT942-13340 49 60.406116 0 
450 0 FT944-6889 50 60.364574 0 
450 0 FT943-12140 51 60.205048 0 
450 0 FT943-12960 52 60.126781 0 
450 0 FT911-4070 53 59.966934 0 
450 0 FT921-7455 54 59.487236 0 
450 0 FT923-13361 55 59.185577 0 
450 0 FT932-4802 56 59.175785 0 
450 0 FT943-4881 57 59.076042 0 
450 0 FT933-2304 58 58.931564 0 
450 0 FT941-16748 59 58.889820 0 
450 0 FBIS4-37686 60 57.847565 0 
450 0 FT943-9994 61 57.659515 0 
450 0 FT924-5355 62 57.315441 0 
450 0 FT943-12373 63 57.175198 0 
450 0 FT922-6883 64 57.141682 0 
450 0 FT923-4918 65 57.051712 0 
450 0 FT944-10340 66 56.670048 0 
450 0 FT943-9495 67 56.514565 0 
450 0 FT924-5830 68 56.379646 0 
450 0 FT933-499 69 55.597248 0 
450 0 FT934-10277 70 55.318909 0 
450 0 FT933-496 71 55.308510 0 
450 0 FT934-4124 72 55.299068 0 
450 0 FT943-11390 73 55.067429 0 
450 0 FT943-6412 74 55.052822 0 
450 0 FT934-9101 75 54.997494 0 
450 0 FT933-4921 76 54.762508 0 
450 0 FT943-10856 77 54.697380 0 
450 0 FT934-10273 78 54.585785 0 
450 0 FT924-13555 79 54.288246 0 
450 0 FT911-1921 80 54.239670 0 
450 0 FT943-12733 81 54.095642 0 
450 0 FBIS4-37689 82 53.975445 0 
450 0 FT932-3355 83 53.080452 0 
450 0 FBIS3-54192 84 53.050919 0 
450 0 FT942-4603 85 52.893597 0 
450 0 FT943-16550 86 52.818058 0 
450 0 FBIS4-59824 87 52.006748 0 
450 0 FT942-11348 88 51.861515 0 
450 0 FBIS3-13280 89 51.758572 0 
450 0 FT932-12056 90 51.745106 0 
450 0 FBIS3-33677 91 51.619503 0 
450 0 FT933-15313 92 51.536736 0 
450 0 FT931-15237 93 51.162930 0 
450 0 FT933-3603 94 51.159363 0 
450 0 FT924-13328 95 50.978718 0 
450 0 FT943-9492 96 50.973850 0 
450 0 FBIS3-54519 97 50.767002 0 
450 0 FT943-12381 98 50.755524 0 
450 0 FT923-12577 99 50.582275 0 
450 0 FT924-8278 100 50.552784 0 
450 0 FBIS4-45072 101 50.431408 0 
450 0 FT933-5750 102 50.426884 0 
450 0 FBIS4-23130 103 50.369545 0 
450 0 FBIS4-58644 104 50.286251 0 
450 0 FT933-1933 105 50.284241 0 
450 0 FBIS3-53591 106 50.158001 0 
450 0 FT943-11248 107 49.744461 0 
450 0 FT944-16188 108 49.736481 0 
450 0 FBIS4-13415 109 49.492237 0 
450 0 FT932-5624 110 49.459499 0 
450 0 FT924-4568 111 49.446819 0 
450 0 FT944-12775 112 49.428345 0 
450 0 FBIS3-54578 113 49.335751 0 
450 0 FBIS3-54283 114 49.277897 0 
450 0 FBIS4-13135 115 49.175556 0 
450 0 FBIS4-12778 116 48.941971 0 
450 0 FBIS4-13911 117 48.937420 0 
450 0 FT911-609 118 48.922871 0 
450 0 FT943-12167 119 48.871475 0 
450 0 FBIS3-52615 120 48.810047 0 
450 0 FBIS3-52603 121 48.810047 0 
450 0 FT923-8496 122 48.800903 0 
450 0 FT933-3881 123 48.565880 0 
450 0 FBIS4-58310 124 48.290604 0 
450 0 FBIS3-40752 125 48.146038 0 
450 0 FBIS3-52456 126 48.052311 0 
450 0 FBIS4-14192 127 47.982262 0 
450 0 FT923-6511 128 47.854675 0 
450 0 FBIS4-15480 129 47.796421 0 
450 0 FBIS4-13582 130 47.724888 0 
450 0 FBIS4-12929 131 47.724155 0 
450 0 FT931-4886 132 47.695446 0 
450 0 FBIS4-36953 133 47.527740 0 
450 0 FBIS3-54521 134 47.516617 0 
450 0 FBIS3-13825 135 47.506031 0 
450 0 FBIS4-12782 136 47.470970 0 
450 0 FBIS3-52402 137 47.404694 0 
450 0 FT944-14566 138 47.395184 0 
450 0 FBIS4-14057 139 47.325737 0 
450 0 FT923-8623 140 47.291183 0 
450 0 FT931-15892 141 47.266479 0 
450 0 FT923-3256 142 47.152088 0 
450 0 FT944-13319 143 47.123665 0 
450 0 FBIS4-37581 144 47.050846 0 
450 0 FBIS4-37690 145 47.006168 0 
450 0 FBIS3-34002 146 46.834305 0 
450 0 FBIS4-12108 147 46.832191 0 
450 0 FBIS3-52785 148 46.810719 0 
450 0 FT944-15846 149 46.754314 0 
450 0 FBIS3-52235 150 46.719677 0 
450 0 FBIS3-54262 151 46.670860 0 
450 0 FBIS4-37480 152 46.657486 0 
450 0 FT941-15035 153 46.489014 0 
450 0 FBIS4-12116 154 46.301960 0 
450 0 FBIS4-13937 155 46.254684 0 
450 0 FT923-7570 156 46.159786 0 
450 0 FT944-831 157 46.124966 0 
450 0 FBIS3-53469 158 45.909115 0 
450 0 FT943-4318 159 45.864426 0 
450 0 FBIS4-38159 160 45.833210 0 
450 0 FBIS4-36322 161 45.790619 0 
450 0 FBIS4-35538 162 45.765171 0 
450 0 FBIS3-52425 163 45.698750 0 
450 0 FBIS3-12223 164 45.665890 0 
450 0 FBIS3-12306 165 45.665890 0 
450 0 FT933-5745 166 45.363899 0 
450 0 FBIS4-26821 167 45.354790 0 
450 0 FBIS4-48 168 45.298504 0 
450 0 FT944-12791 169 45.131897 0 
450 0 FT944-17029 170 45.101509 0 
450 0 FT933-5087 171 45.068932 0 
450 0 FBIS3-54529 172 44.909393 0 
450 0 FT921-14363 173 44.870201 0 
450 0 FT944-14204 174 44.847469 0 
450 0 FBIS4-12114 175 44.831093 0 
450 0 FT933-3257 176 44.813145 0 
450 0 FBIS4-37924 177 44.773094 0 
450 0 FT921-8280 178 44.769039 0 
450 0 FBIS4-13015 179 44.600079 0 
450 0 FT922-11302 180 44.591114 0 
450 0 FT924-11499 181 44.587948 0 
450 0 FT933-3295 182 44.582596 0 
450 0 FT921-11725 183 44.549534 0 
450 0 FT924-1173 184 44.543953 0 
450 0 FT921-12212 185 44.526798 0 
450 0 FBIS3-34791 186 44.497555 0 
450 0 FT923-8374 187 44.433853 0 
450 0 FBIS4-6284 188 44.281776 0 
450 0 FBIS3-34789 189 44.205887 0 
450 0 FBIS3-52165 190 44.202785 0 
450 0 FBIS4-11807 191 44.163395 0 
450 0 FT921-12288 192 44.158718 0 
450 0 FT921-12322 193 44.109692 0 
450 0 FT924-9214 194 44.064857 0 
450 0 FT943-7195 195 43.926579 0 
450 0 FT921-14031 196 43.912128 0 
450 0 FT941-4503 197 43.868828 0 
450 0 FBIS3-52319 198 43.826973 0 
450 0 FBIS4-13580 199 43.753464 0 
450 0 FT944-1260 200 43.747242 0 
450 0 FBIS4-37925 201 43.736713 0 
450 0 FBIS3-13834 202 43.698719 0 
450 0 FT934-10071 203 43.663982 0 
450 0 FBIS3-52334 204 43.517841 0 
450 0 FT911-4579 205 43.497234 0 
450 0 FT924-7830 206 43.496269 0 
450 0 FT943-12946 207 43.480198 0 
450 0 FT921-14041 208 43.392120 0 
450 0 FBIS4-14187 209 43.347477 0 
450 0 FT931-14183 210 43.290863 0 
450 0 FBIS4-37631 211 43.176884 0 
450 0 FBIS4-14359 212 43.126640 0 
450 0 FBIS4-12680 213 43.121834 0 
450 0 FT924-8741 214 42.973251 0 
450 0 FBIS4-12897 215 42.954323 0 
450 0 FT933-4705 216 42.906818 0 
450 0 FBIS3-13564 217 42.736691 0 
450 0 FBIS4-33374 218 42.733913 0 
450 0 FT921-13650 219 42.697514 0 
450 0 FBIS4-37347 220 42.681362 0 
450 0 FT933-4698 221 42.663143 0 
450 0 FT924-10485 222 42.591301 0 
450 0 FBIS4-11644 223 42.588139 0 
450 0 FBIS4-37774 224 42.581520 0 
450 0 FBIS4-11808 225 42.580170 0 
450 0 FBIS4-11803 226 42.539219 0 
450 0 FBIS4-37432 227 42.517017 0 
450 0 FBIS3-33964 228 42.488850 0 
450 0 FBIS3-42204 229 42.488850 0 
450 0 FT924-3614 230 42.457417 0 
450 0 FT921-16213 231 42.456436 0 
450 0 FBIS4-37644 232 42.414063 0 
450 0 FBIS4-36050 233 42.413002 0 
450 0 FT943-5798 234 42.409744 0 
450 0 FT942-15032 235 42.379925 0 
450 0 FBIS4-58646 236 42.349743 0 
450 0 FBIS4-36760 237 42.349297 0 
450 0 FBIS4-37314 238 42.322327 0 
450 0 FT923-8077 239 42.299023 0 
450 0 FBIS3-34951 240 42.289963 0 
450 0 FBIS4-60751 241 42.170792 0 
450 0 FBIS4-60174 242 42.146004 0 
450 0 FBIS3-53600 243 42.124252 0 
450 0 FBIS4-36490 244 42.106014 0 
450 0 FT921-11944 245 42.051910 0 
450 0 FBIS3-43205 246 41.989746 0 
450 0 FBIS3-43151 247 41.989746 0 
450 0 FT934-4338 248 41.986458 0 
450 0 FT924-13548 249 41.984245 0 
450 0 FT944-13220 250 41.932560 0 
450 0 FBIS4-36533 251 41.900238 0 
450 0 FBIS4-12678 252 41.888893 0 
450 0 FBIS3-52669 253 41.788292 0 
450 0 FT933-6171 254 41.776321 0 
450 0 FBIS3-14598 255 41.747406 0 
450 0 FBIS3-54186 256 41.746117 0 
450 0 FBIS4-58128 257 41.702156 0 
450 0 FT921-14798 258 41.681961 0 
450 0 FBIS4-37927 259 41.651798 0 
450 0 FT924-3613 260 41.630116 0 
450 0 FBIS3-52111 261 41.624207 0 
450 0 FBIS4-13677 262 41.621780 0 
450 0 FBIS4-26473 263 41.591202 0 
450 0 FBIS4-36521 264 41.588043 0 
450 0 FT941-13161 265 41.574215 0 
450 0 FBIS3-54310 266 41.570026 0 
450 0 FBIS4-64459 267 41.550190 0 
450 0 FBIS4-13605 268 41.498798 0 
450 0 FBIS3-14380 269 41.475956 0 
450 0 FBIS4-13141 270 41.409050 0 
450 0 FT931-14924 271 41.268589 0 
450 0 FT923-8370 272 41.254288 0 
450 0 FBIS3-34691 273 41.219921 0 
450 0 FBIS3-34163 274 41.176693 0 
450 0 FBIS3-52659 275 41.167648 0 
450 0 FBIS3-52595 276 41.167648 0 
450 0 FBIS3-54397 277 41.163990 0 
450 0 FT923-11892 278 41.144405 0 
450 0 FT943-12422 279 41.132973 0 
450 0 FBIS3-52236 280 41.124722 0 
450 0 FBIS4-12952 281 41.100765 0 
450 0 FBIS3-13831 282 41.089970 0 
450 0 FT933-3696 283 41.071419 0 
450 0 FT933-5712 284 41.051834 0 
450 0 FT944-4271 285 41.030998 0 
450 0 FBIS4-12724 286 41.021873 0 
450 0 FT924-6029 287 40.989044 0 
450 0 FT943-13396 288 40.940006 0 
450 0 FT933-5981 289 40.929733 0 
450 0 FT933-5235 290 40.916882 0 
450 0 FBIS4-14059 291 40.887928 0 
450 0 FBIS3-13826 292 40.805367 0 
450 0 FT911-5084 293 40.778893 0 
450 0 FT931-12268 294 40.721325 0 
450 0 FT933-3557 295 40.674412 0 
450 0 FT911-223 296 40.638611 0 
450 0 FT933-3012 297 40.634804 0 
450 0 FBIS4-13739 298 40.615101 0 
450 0 FBIS4-12112 299 40.615040 0 
450 0 FBIS4-11922 300 40.599224 0 
450 0 FT924-8276 301 40.571625 0 
450 0 FBIS3-53059 302 40.568752 0 
450 0 FBIS3-34971 303 40.540279 0 
450 0 FT934-9630 304 40.529209 0 
450 0 FT933-3507 305 40.523346 0 
450 0 FBIS4-38198 306 40.518738 0 
450 0 FT943-13705 307 40.508759 0 
450 0 FBIS4-37788 308 40.493496 0 
450 0 FT942-16601 309 40.456768 0 
450 0 FT933-3187 310 40.397316 0 
450 0 FT923-11204 311 40.339130 0 
450 0 FT921-15669 312 40.308987 0 
450 0 FBIS3-34757 313 40.298794 0 
450 0 FT941-13673 314 40.296425 0 
450 0 FBIS4-37430 315 40.225250 0 
450 0 FT944-15377 316 40.224964 0 
450 0 FT933-3543 317 40.221821 0 
450 0 FT932-13559 318 40.218513 0 
450 0 FBIS4-36616 319 40.143894 0 
450 0 FT943-15 320 40.139324 0 
450 0 FBIS3-53292 321 40.123875 0 
450 0 FT933-16751 322 40.063595 0 
450 0 FT941-9004 323 40.032887 0 
450 0 FT944-2867 324 40.023853 0 
450 0 FBIS3-53170 325 40.012951 0 
450 0 FBIS4-60100 326 39.999428 0 
450 0 FBIS3-54608 327 39.983265 0 
450 0 FBIS4-12896 328 39.971497 0 
450 0 FBIS3-53294 329 39.956333 0 
450 0 FBIS4-12037 330 39.943031 0 
450 0 FBIS4-14054 331 39.941139 0 
450 0 FBIS3-12749 332 39.863781 0 
450 0 FBIS3-54187 333 39.863766 0 
450 0 FBIS3-34853 334 39.855850 0 
450 0 FBIS3-33709 335 39.826794 0 
450 0 FT933-6742 336 39.800964 0 
450 0 FT933-2753 337 39.783211 0 
450 0 FBIS4-12807 338 39.782688 0 
450 0 FBIS4-60345 339 39.736599 0 
450 0 FBIS3-33706 340 39.707077 0 
450 0 FBIS4-13396 341 39.646702 0 
450 0 FT933-4411 342 39.645569 0 
450 0 FT923-12210 343 39.641224 0 
450 0 FT933-10059 344 39.630718 0 
450 0 FT923-6419 345 39.557346 0 
450 0 FT933-4143 346 39.550762 0 
450 0 FBIS4-38007 347 39.530647 0 
450 0 FBIS4-36504 348 39.501404 0 
450 0 FBIS4-37687 349 39.497761 0 
450 0 FT943-8959 350 39.496323 0 
450 0 FT924-2067 351 39.490856 0 
450 0 FBIS3-53400 352 39.452984 0 
450 0 FBIS4-58643 353 39.447594 0 
450 0 FBIS3-53060 354 39.441223 0 
450 0 FBIS3-52411 355 39.435524 0 
450 0 FBIS3-34708 356 39.412212 0 
450 0 FT931-11405 357 39.388737 0 
450 0 FT944-12663 358 39.387352 0 
450 0 FT933-3296 359 39.382950 0 
450 0 FBIS3-13919 360 39.317467 0 
450 0 FBIS4-26166 361 39.281200 0 
450 0 FT931-1365 362 39.248760 0 
450 0 FBIS4-13392 363 39.244110 0 
450 0 FBIS3-54520 364 39.209236 0 
450 0 FT933-2300 365 39.199421 0 
450 0 FBIS3-12998 366 39.188202 0 
450 0 FBIS4-38620 367 39.186565 0 
450 0 FBIS4-3314 368 39.159561 0 
450 0 FBIS4-59410 369 39.093430 0 
450 0 FT934-13862 370 39.085930 0 
450 0 FBIS3-52308 371 39.059563 0 
450 0 FT944-13789 372 39.035957 0 
450 0 FBIS4-37431 373 39.029762 0 
450 0 FT941-4994 374 39.006737 0 
450 0 FT933-10513 375 38.915035 0 
450 0 FBIS3-34162 376 38.905113 0 
450 0 FT941-9148 377 38.893169 0 
450 0 FT934-11001 378 38.890301 0 
450 0 FT923-11004 379 38.878456 0 
450 0 FBIS4-37786 380 38.850880 0 
450 0 FT933-2242 381 38.768131 0 
450 0 FT921-14571 382 38.759197 0 
450 0 FBIS3-54303 383 38.736874 0 
450 0 FBIS3-14689 384 38.726585 0 
450 0 FBIS3-12333 385 38.718960 0 
450 0 FBIS3-12234 386 38.718960 0 
450 0 FT924-589 387 38.682201 0 
450 0 FBIS3-13724 388 38.660976 0 
450 0 FBIS4-12950 389 38.656708 0 
450 0 FBIS4-37482 390 38.616142 0 
450 0 FT922-1591 391 38.541618 0 
450 0 FBIS3-34158 392 38.494774 0 
450 0 FBIS3-33633 393 38.459312 0 
450 0 FBIS3-12748 394 38.450294 0 
450 0 FBIS3-12744 395 38.444485 0 
450 0 FBIS4-11923 396 38.426441 0 
450 0 FBIS3-52743 397 38.401814 0 
450 0 FBIS4-36956 398 38.381538 0 
450 0 FT921-13789 399 38.379459 0 
450 0 FBIS4-13394 400 38.345375 0 
450 0 FBIS3-34328 401 38.338356 0 
450 0 FBIS4-12109 402 38.332706 0 
450 0 FBIS3-13586 403 38.306503 0 
450 0 FT941-14918 404 38.272118 0 
450 0 FBIS3-54191 405 38.266842 0 
450 0 FT931-3142 406 38.264679 0 
450 0 FBIS3-53595 407 38.258865 0 
450 0 FT923-11024 408 38.258274 0 
450 0 FT934-294 409 38.237564 0 
450 0 FBIS4-37926 410 38.222404 0 
450 0 FBIS3-35074 411 38.213333 0 
450 0 FBIS4-37313 412 38.204529 0 
450 0 FBIS3-34854 413 38.204105 0 
450 0 FT924-2315 414 38.199268 0 
450 0 FBIS3-53106 415 38.195148 0 
450 0 FT921-14974 416 38.167744 0 
450 0 FT923-4366 417 38.132053 0 
450 0 FT944-16954 418 38.096004 0 
450 0 FT922-8778 419 38.063553 0 
450 0 FBIS3-53596 420 38.027542 0 
450 0 FBIS4-37787 421 38.018478 0 
450 0 FBIS3-18395 422 38.017654 0 
450 0 FBIS3-54287 423 37.998310 0 
450 0 FT931-8958 424 37.996822 0 
450 0 FBIS3-12856 425 37.995609 0 
450 0 FBIS3-53282 426 37.986866 0 
450 0 FBIS4-54711 427 37.980358 0 
450 0 FT931-3138 428 37.964912 0 
450 0 FT941-17077 429 37.955662 0 
450 0 FBIS4-35811 430 37.916531 0 
450 0 FT944-8118 431 37.914730 0 
450 0 FT943-11954 432 37.896866 0 
450 0 FBIS3-34786 433 37.880791 0 
450 0 FBIS3-52919 434 37.863075 0 
450 0 FT941-4467 435 37.859440 0 
450 0 FBIS3-54213 436 37.812897 0 
450 0 FT933-12910 437 37.792610 0 
450 0 FT942-2326 438 37.763187 0 
450 0 FBIS4-12039 439 37.757858 0 
450 0 FBIS4-11925 440 37.662811 0 
450 0 FBIS4-59933 441 37.651424 0 
450 0 FBIS4-61930 442 37.635963 0 
450 0 FT923-951 443 37.615471 0 
450 0 FBIS3-34301 444 37.599941 0 
450 0 FBIS4-13250 445 37.561230 0 
450 0 FBIS4-58653 446 37.555450 0 
450 0 FBIS4-37923 447 37.520084 0 
450 0 FBIS4-13170 448 37.495296 0 
450 0 FT921-6103 449 37.495197 0 
450 0 FT931-11158 450 37.464573 0 
450 0 FBIS4-13824 451 37.409798 0 
450 0 FT934-17208 452 37.382202 0 
450 0 FT931-6609 453 37.377918 0 
450 0 FT931-9353 454 37.357853 0 
450 0 FT934-10796 455 37.311119 0 
450 0 FBIS4-58228 456 37.308205 0 
450 0 FT921-5299 457 37.299824 0 
450 0 FT924-8487 458 37.299564 0 
450 0 FT921-6771 459 37.292130 0 
450 0 FT941-15071 460 37.276394 0 
450 0 FBIS4-51 461 37.270397 0 
450 0 FBIS3-53299 462 37.255970 0 
450 0 FT932-15174 463 37.249004 0 
450 0 FBIS3-52738 464 37.240955 0 
450 0 FBIS4-37087 465 37.228725 0 
450 0 FT931-16226 466 37.223576 0 
450 0 FBIS3-53703 467 37.216755 0 
450 0 FT933-3903 468 37.206654 0 
450 0 FBIS3-34690 469 37.202480 0 
450 0 FBIS3-52611 470 37.178665 0 
450 0 FBIS3-52599 471 37.178665 0 
450 0 FT931-2964 472 37.178242 0 
450 0 FT934-9892 473 37.132401 0 
450 0 FBIS3-53974 474 37.104141 0 
450 0 FT933-11071 475 37.081818 0 
450 0 FBIS3-13117 476 37.074024 0 
450 0 FBIS4-14061 477 37.041294 0 
450 0 FT941-12871 478 36.992886 0 
450 0 FT944-15528 479 36.983921 0 
450 0 FBIS4-58796 480 36.937878 0 
450 0 FBIS4-11636 481 36.885834 0 
450 0 FBIS4-21788 482 36.885834 0 
450 0 FT923-10566 483 36.867714 0 
450 0 FBIS4-37365 484 36.862404 0 
450 0 FBIS3-56283 485 36.819588 0 
450 0 FT911-2770 486 36.816116 0 
450 0 FBIS3-54419 487 36.798347 0 
450 0 FBIS4-11806 488 36.792130 0 
450 0 FT931-7577 489 36.789917 0 
450 0 FBIS4-45049 490 36.773846 0 
450 0 FT931-11655 491 36.743530 0 
450 0 FBIS3-52226 492 36.650082 0 
450 0 FT932-9129 493 36.648922 0 
450 0 FT934-3895 494 36.634537 0 
450 0 FBIS3-2949 495 36.633675 0 
450 0 FT931-3621 496 36.611847 0 
450 0 FBIS3-18460 497 36.595360 0 
450 0 FT933-9098 498 36.590893 0 
450 0 FT941-4191 499 36.577766 0 
450 0 FBIS4-13611 500 36.566017 0 
450 0 FT932-9365 501 36.564518 0 
450 0 FBIS4-59020 502 36.563427 0 
450 0 FT931-4706 503 36.543526 0 
450 0 FBIS3-52693 504 36.529018 0 
450 0 FBIS4-58989 505 36.520367 0 
450 0 FBIS3-34765 506 36.516243 0 
450 0 FBIS4-58408 507 36.510731 0 
450 0 FBIS3-34710 508 36.509872 0 
450 0 FBIS3-52332 509 36.452980 0 
450 0 FT911-4872 510 36.324005 0 
450 0 FT942-12547 511 36.305008 0 
450 0 FT944-1732 512 36.292236 0 
450 0 FT924-3610 513 36.291019 0 
450 0 FBIS4-14250 514 36.260838 0 
450 0 FBIS3-53468 515 36.234451 0 
450 0 FBIS4-37785 516 36.227856 0 
450 0 FBIS4-37497 517 36.220436 0 
450 0 FT923-7494 518 36.198223 0 
450 0 FBIS4-11988 519 36.185734 0 
450 0 FT924-12396 520 36.174831 0 
450 0 FBIS4-35240 521 36.173050 0 
450 0 FT924-8086 522 36.156258 0 
450 0 FBIS3-53789 523 36.149998 0 
450 0 FBIS3-40734 524 36.136440 0 
450 0 FBIS3-14248 525 36.118526 0 
450 0 FBIS3-12982 526 36.112312 0 
450 0 FT922-985 527 36.103764 0 
450 0 FBIS3-12746 528 36.078129 0 
450 0 FBIS4-35416 529 36.073338 0 
450 0 FBIS4-35855 530 36.045151 0 
450 0 FT924-12030 531 36.026974 0 
450 0 FT931-8736 532 35.989899 0 
450 0 FBIS3-52453 533 35.968613 0 
450 0 FT921-10863 534 35.921711 0 
450 0 FT923-12100 535 35.909676 0 
450 0 FT933-6129 536 35.892342 0 
450 0 FT932-15394 537 35.891834 0 
450 0 FBIS4-37197 538 35.884712 0 
450 0 FBIS4-61342 539 35.867760 0 
450 0 FT921-11815 540 35.857391 0 
450 0 FT921-8296 541 35.848286 0 
450 0 FT931-10968 542 35.828045 0 
450 0 FBIS3-53062 543 35.825024 0 
450 0 FT933-4615 544 35.773029 0 
450 0 FBIS3-13829 545 35.760983 0 
450 0 FT931-4745 546 35.744041 0 
450 0 FT934-13617 547 35.739876 0 
450 0 FBIS3-34983 548 35.724922 0 
450 0 FT941-15220 549 35.694332 0 
450 0 FT942-8775 550 35.688931 0 
450 0 FBIS4-3988 551 35.686287 0 
450 0 FBIS3-13444 552 35.682133 0 
450 0 FT923-7107 553 35.650890 0 
450 0 FBIS4-13161 554 35.637016 0 
450 0 FBIS4-58516 555 35.635990 0 
450 0 FBIS4-32804 556 35.635338 0 
450 0 FT924-14481 557 35.633514 0 
450 0 FT931-14578 558 35.632092 0 
450 0 FT931-10563 559 35.590076 0 
450 0 FT933-5958 560 35.577206 0 
450 0 FBIS3-12621 561 35.575470 0 
450 0 FT924-12389 562 35.574776 0 
450 0 FBIS4-35876 563 35.572929 0 
450 0 FBIS3-33760 564 35.572750 0 
450 0 FBIS4-59304 565 35.551746 0 
450 0 FBIS4-14076 566 35.537357 0 
450 0 FT944-277 567 35.537247 0 
450 0 FBIS4-14886 568 35.532421 0 
450 0 FBIS4-13169 569 35.525242 0 
450 0 FBIS3-1606 570 35.524029 0 
450 0 FBIS3-13912 571 35.504654 0 
450 0 FT933-6536 572 35.501789 0 
450 0 FT934-6211 573 35.495964 0 
450 0 FBIS4-58261 574 35.492081 0 
450 0 FBIS3-53196 575 35.479275 0 
450 0 FT923-1001 576 35.474991 0 
450 0 FT942-11664 577 35.466110 0 
450 0 FT944-13318 578 35.462269 0 
450 0 FT942-12442 579 35.446602 0 
450 0 FT941-3812 580 35.438721 0 
450 0 FT942-17450 581 35.410690 0 
450 0 FBIS4-59236 582 35.403355 0 
450 0 FT933-4951 583 35.401741 0 
450 0 FBIS3-12276 584 35.398903 0 
450 0 FBIS4-35810 585 35.398254 0 
450 0 FT942-17396 586 35.396515 0 
450 0 FBIS3-52287 587 35.390541 0 
450 0 FT924-2834 588 35.389240 0 
450 0 FT941-5919 589 35.384304 0 
450 0 FBIS4-59974 590 35.382622 0 
450 0 FT931-15324 591 35.381805 0 
450 0 FT943-9691 592 35.356697 0 
450 0 FBIS3-53064 593 35.343090 0 
450 0 FBIS3-5045 594 35.337692 0 
450 0 FT933-7886 595 35.336258 0 
450 0 FT941-7081 596 35.335712 0 
450 0 FT924-1880 597 35.335258 0 
450 0 FBIS3-14183 598 35.312416 0 
450 0 FT911-2541 599 35.312248 0 
450 0 FBIS4-37125 600 35.308792 0 
450 0 FBIS4-42590 601 35.295891 0 
450 0 FBIS3-52900 602 35.280010 0 
450 0 FBIS3-34372 603 35.270813 0 
450 0 FT941-6442 604 35.243496 0 
450 0 FBIS4-36137 605 35.235497 0 
450 0 FBIS4-36489 606 35.207607 0 
450 0 FBIS3-13393 607 35.201817 0 
450 0 FBIS4-12930 608 35.176350 0 
450 0 FT921-12682 609 35.161621 0 
450 0 FBIS3-54190 610 35.159943 0 
450 0 FBIS4-13578 611 35.131783 0 
450 0 FT923-6905 612 35.125759 0 
450 0 FBIS3-58975 613 35.121372 0 
450 0 FBIS3-35966 614 35.119827 0 
450 0 FT934-13612 615 35.112572 0 
450 0 FT931-10380 616 35.112453 0 
450 0 FBIS3-56284 617 35.100975 0 
450 0 FT942-8827 618 35.098145 0 
450 0 FT933-8577 619 35.095356 0 
450 0 FT924-1223 620 35.093456 0 
450 0 FBIS4-11924 621 35.089436 0 
450 0 FT921-16070 622 35.081852 0 
450 0 FT941-16385 623 35.077980 0 
450 0 FBIS4-36618 624 35.076206 0 
450 0 FBIS3-5046 625 35.069199 0 
450 0 FT941-2526 626 35.050465 0 
450 0 FBIS3-40822 627 35.044189 0 
450 0 FBIS3-53171 628 35.042580 0 
450 0 FT932-14716 629 35.041130 0 
450 0 FBIS3-54313 630 35.036865 0 
450 0 FT933-9668 631 35.022564 0 
450 0 FT921-2814 632 35.022110 0 
450 0 FBIS3-54339 633 34.998833 0 
450 0 FBIS4-37519 634 34.988155 0 
450 0 FBIS3-13171 635 34.976643 0 
450 0 FBIS3-34896 636 34.959015 0 
450 0 FT921-13158 637 34.951939 0 
450 0 FT923-13236 638 34.951046 0 
450 0 FBIS4-37716 639 34.930542 0 
450 0 FT933-3506 640 34.926308 0 
450 0 FT943-1677 641 34.917858 0 
450 0 FBIS3-14202 642 34.915283 0 
450 0 FT941-8318 643 34.912758 0 
450 0 FBIS4-60124 644 34.897308 0 
450 0 FT932-15778 645 34.890114 0 
450 0 FT931-15688 646 34.868313 0 
450 0 FT933-6059 647 34.860371 0 
450 0 FBIS4-3884 648 34.858231 0 
450 0 FBIS4-37297 649 34.847458 0 
450 0 FT922-988 650 34.842659 0 
450 0 FBIS4-13577 651 34.833824 0 
450 0 FT933-12057 652 34.826336 0 
450 0 FT942-14027 653 34.819798 0 
450 0 FBIS4-38104 654 34.818562 0 
450 0 FBIS3-14277 655 34.817139 0 
450 0 FBIS4-17121 656 34.815884 0 
450 0 FT934-14329 657 34.814522 0 
450 0 FBIS4-3885 658 34.814438 0 
450 0 FT941-2316 659 34.791328 0 
450 0 FT944-9089 660 34.788639 0 
450 0 FT924-293 661 34.783211 0 
450 0 FT921-5150 662 34.782295 0 
450 0 FBIS3-14428 663 34.773670 0 
450 0 FT944-7359 664 34.769966 0 
450 0 FBIS4-33212 665 34.755833 0 
450 0 FBIS3-16846 666 34.753914 0 
450 0 FBIS4-60550 667 34.753372 0 
450 0 FBIS4-12855 668 34.746239 0 
450 0 FBIS4-37625 669 34.738110 0 
450 0 FT933-4181 670 34.737621 0 
450 0 FT923-6552 671 34.736748 0 
450 0 FT931-14588 672 34.736115 0 
450 0 FBIS4-33234 673 34.734093 0 
450 0 FBIS3-40710 674 34.732868 0 
450 0 FBIS3-33764 675 34.724033 0 
450 0 FT944-6032 676 34.715000 0 
450 0 FBIS3-13716 677 34.704384 0 
450 0 FBIS4-36513 678 34.701111 0 
450 0 FT921-12769 679 34.692604 0 
450 0 FT924-8130 680 34.680828 0 
450 0 FBIS3-53676 681 34.675220 0 
450 0 FT934-3701 682 34.674129 0 
450 0 FBIS3-34689 683 34.672020 0 
450 0 FT922-7207 684 34.664986 0 
450 0 FBIS3-54129 685 34.632179 0 
450 0 FBIS3-34617 686 34.619503 0 
450 0 FBIS4-59716 687 34.610363 0 
450 0 FT921-15761 688 34.595375 0 
450 0 FT923-6060 689 34.594543 0 
450 0 FBIS3-52664 690 34.554874 0 
450 0 FBIS3-53470 691 34.553936 0 
450 0 FT942-10866 692 34.551338 0 
450 0 FT942-12064 693 34.533691 0 
450 0 FBIS3-12917 694 34.530464 0 
450 0 FT921-10341 695 34.521156 0 
450 0 FT932-673 696 34.463528 0 
450 0 FT923-7507 697 34.448753 0 
450 0 FBIS4-59647 698 34.445629 0 
450 0 FT911-3264 699 34.437485 0 
450 0 FT944-15627 700 34.430584 0 
450 0 FBIS4-12681 701 34.425480 0 
450 0 FBIS4-14888 702 34.398460 0 
450 0 FBIS4-16828 703 34.394077 0 
450 0 FT911-3762 704 34.377731 0 
450 0 FBIS4-13136 705 34.376270 0 
450 0 FT943-16844 706 34.366306 0 
450 0 FT931-654 707 34.350761 0 
450 0 FBIS3-53273 708 34.338303 0 
450 0 FBIS3-14283 709 34.337711 0 
450 0 FBIS3-14409 710 34.336468 0 
450 0 FT923-12279 711 34.335831 0 
450 0 FBIS3-15501 712 34.320995 0 
450 0 FBIS4-11868 713 34.302036 0 
450 0 FBIS4-59404 714 34.300808 0 
450 0 FT931-7113 715 34.289131 0 
450 0 FBIS3-18505 716 34.281750 0 
450 0 FT911-2679 717 34.273861 0 
450 0 FBIS4-3559 718 34.265881 0 
450 0 FT921-15994 719 34.247688 0 
450 0 FBIS3-14162 720 34.245338 0 
450 0 FBIS4-2240 721 34.223858 0 
450 0 FBIS3-53055 722 34.221447 0 
450 0 FBIS3-54398 723 34.213558 0 
450 0 FT942-16836 724 34.204716 0 
450 0 FBIS3-52462 725 34.202793 0 
450 0 FT941-6219 726 34.194801 0 
450 0 FBIS4-36617 727 34.191357 0 
450 0 FBIS4-37837 728 34.186466 0 
450 0 FBIS4-12785 729 34.185600 0 
450 0 FT941-15639 730 34.168545 0 
450 0 FBIS3-34600 731 34.162399 0 
450 0 FBIS3-52474 732 34.160145 0 
450 0 FT923-11691 733 34.153645 0 
450 0 FBIS3-52460 734 34.100529 0 
450 0 FT944-15133 735 34.092983 0 
450 0 FBIS3-12225 736 34.081062 0 
450 0 FBIS3-12308 737 34.081062 0 
450 0 FT932-12591 738 34.075428 0 
450 0 FT921-13708 739 34.070606 0 
450 0 FBIS3-15078 740 34.050446 0 
450 0 FT921-6607 741 34.043461 0 
450 0 FBIS3-54575 742 34.023270 0 
450 0 FBIS3-34701 743 34.018387 0 
450 0 FBIS3-13083 744 34.009396 0 
450 0 FBIS3-13725 745 34.004913 0 
450 0 FBIS4-12113 746 33.978947 0 
450 0 FBIS4-13313 747 33.974869 0 
450 0 FBIS3-53704 748 33.969948 0 
450 0 FBIS3-54518 749 33.965694 0 
450 0 FT933-14810 750 33.949589 0 
450 0 FBIS4-12357 751 33.939842 0 
450 0 FBIS3-33704 752 33.934299 0 
450 0 FBIS4-13242 753 33.933029 0 
450 0 FT931-7798 754 33.931923 0 
450 0 FBIS3-4386 755 33.910938 0 
450 0 FBIS3-53046 756 33.909592 0 
450 0 FT911-837 757 33.907864 0 
450 0 FBIS4-14120 758 33.905273 0 
450 0 FBIS3-13615 759 33.893452 0 
450 0 FBIS4-60723 760 33.852013 0 
450 0 FBIS4-59772 761 33.847095 0 
450 0 FBIS3-34905 762 33.838692 0 
450 0 FT933-3510 763 33.833317 0 
450 0 FBIS4-37615 764 33.810112 0 
450 0 FBIS4-58134 765 33.800869 0 
450 0 FT942-15459 766 33.798653 0 
450 0 FT921-8166 767 33.787682 0 
450 0 FT911-1251 768 33.784241 0 
450 0 FBIS4-13191 769 33.784122 0 
450 0 FBIS3-33755 770 33.782742 0 
450 0 FBIS4-58423 771 33.775692 0 
450 0 FT922-8646 772 33.770565 0 
450 0 FBIS4-13825 773 33.765610 0 
450 0 FBIS4-58732 774 33.763790 0 
450 0 FT922-958 775 33.758595 0 
450 0 FBIS3-52454 776 33.748398 0 
450 0 FT934-4868 777 33.745583 0 
450 0 FT932-10139 778 33.739090 0 
450 0 FT932-11765 779 33.706722 0 
450 0 FBIS4-36683 780 33.699551 0 
450 0 FT934-2279 781 33.669636 0 
450 0 FBIS3-12867 782 33.663967 0 
450 0 FBIS4-24927 783 33.658474 0 
450 0 FT942-16842 784 33.655281 0 
450 0 FT931-13009 785 33.652832 0 
450 0 FBIS4-14014 786 33.647785 0 
450 0 FBIS3-18911 787 33.641521 0 
450 0 FBIS3-13608 788 33.627480 0 
450 0 FT933-11033 789 33.621105 0 
450 0 FBIS3-53056 790 33.610374 0 
450 0 FBIS4-11768 791 33.605186 0 
450 0 FT931-3343 792 33.603001 0 
450 0 FBIS3-53987 793 33.596172 0 
450 0 FT933-8522 794 33.593040 0 
450 0 FT934-14338 795 33.583012 0 
450 0 FBIS4-64368 796 33.581566 0 
450 0 FBIS4-35851 797 33.579117 0 
450 0 FT923-6201 798 33.573650 0 
450 0 FBIS4-13302 799 33.565651 0 
450 0 FBIS4-13303 800 33.565651 0 
450 0 FT932-11359 801 33.565472 0 
450 0 FBIS3-12440 802 33.565044 0 
450 0 FT924-3618 803 33.559349 0 
450 0 FT934-10241 804 33.553108 0 
450 0 FBIS3-33676 805 33.552811 0 
450 0 FBIS3-13828 806 33.550205 0 
450 0 FBIS4-38137 807 33.524666 0 
450 0 FBIS4-14161 808 33.520649 0 
450 0 FT933-5873 809 33.514221 0 
450 0 FT933-10719 810 33.510380 0 
450 0 FT944-14397 811 33.509975 0 
450 0 FBIS3-33777 812 33.503159 0 
450 0 FT942-11107 813 33.499664 0 
450 0 FBIS3-15076 814 33.497166 0 
450 0 FT933-14223 815 33.495819 0 
450 0 FBIS4-33222 816 33.493431 0 
450 0 FBIS4-59566 817 33.489861 0 
450 0 FT944-12116 818 33.479214 0 
450 0 FBIS3-14103 819 33.472061 0 
450 0 FT924-1460 820 33.464226 0 
450 0 FBIS4-14190 821 33.459873 0 
450 0 FT932-10233 822 33.452229 0 
450 0 FBIS4-35507 823 33.451778 0 
450 0 FBIS4-22269 824 33.441303 0 
450 0 FBIS3-34161 825 33.435120 0 
450 0 FBIS3-12140 826 33.433075 0 
450 0 FBIS4-24926 827 33.428452 0 
450 0 FBIS3-13360 828 33.425339 0 
450 0 FBIS4-19924 829 33.423595 0 
450 0 FT944-16537 830 33.415634 0 
450 0 FT923-7518 831 33.410847 0 
450 0 FT934-9633 832 33.410755 0 
450 0 FBIS3-45 833 33.409313 0 
450 0 FBIS4-11918 834 33.407227 0 
450 0 FT911-3549 835 33.404842 0 
450 0 FT944-15883 836 33.395874 0 
450 0 FT932-14431 837 33.388443 0 
450 0 FBIS3-13824 838 33.381203 0 
450 0 FT942-16992 839 33.377075 0 
450 0 FT934-6212 840 33.371262 0 
450 0 FBIS3-34816 841 33.336864 0 
450 0 FBIS3-13156 842 33.332333 0 
450 0 FT932-14304 843 33.328136 0 
450 0 FT933-5105 844 33.314796 0 
450 0 FBIS3-52583 845 33.308750 0 
450 0 FT931-11761 846 33.292332 0 
450 0 FT933-5483 847 33.286354 0 
450 0 FBIS3-34519 848 33.274620 0 
450 0 FT934-16338 849 33.263794 0 
450 0 FT923-3259 850 33.260273 0 
450 0 FT941-15227 851 33.259777 0 
450 0 FT942-13334 852 33.257999 0 
450 0 FBIS3-39725 853 33.256054 0 
450 0 FBIS3-54282 854 33.252743 0 
450 0 FBIS4-13444 855 33.245174 0 
450 0 FT922-412 856 33.236938 0 
450 0 FBIS3-12442 857 33.218163 0 
450 0 FBIS4-38157 858 33.207970 0 
450 0 FBIS3-35015 859 33.205551 0 
450 0 FBIS3-34596 860 33.200390 0 
450 0 FBIS3-13851 861 33.197720 0 
450 0 FT944-16778 862 33.191090 0 
450 0 FT924-2131 863 33.191067 0 
450 0 FT921-8526 864 33.184715 0 
450 0 FT931-16864 865 33.179752 0 
450 0 FBIS3-35473 866 33.173439 0 
450 0 FBIS3-53599 867 33.167313 0 
450 0 FT931-9113 868 33.163383 0 
450 0 FBIS3-13835 869 33.156612 0 
450 0 FT934-7084 870 33.144215 0 
450 0 FBIS4-9278 871 33.140732 0 
450 0 FT931-1600 872 33.138744 0 
450 0 FBIS3-38442 873 33.124920 0 
450 0 FT944-8840 874 33.122707 0 
450 0 FBIS3-13322 875 33.116917 0 
450 0 FBIS3-53263 876 33.114731 0 
450 0 FBIS3-13639 877 33.110069 0 
450 0 FBIS4-21972 878 33.096325 0 
450 0 FBIS4-13022 879 33.096325 0 
450 0 FT944-16070 880 33.073517 0 
450 0 FT922-273 881 33.070816 0 
450 0 FT922-986 882 33.064247 0 
450 0 FBIS3-52286 883 33.055054 0 
450 0 FBIS4-13291 884 33.050156 0 
450 0 FBIS3-12320 885 33.017799 0 
450 0 FBIS3-12238 886 33.017799 0 
450 0 FT944-429 887 33.017487 0 
450 0 FBIS3-13243 888 33.013096 0 
450 0 FT922-8282 889 32.992710 0 
450 0 FBIS4-37506 890 32.991673 0 
450 0 FBIS4-59365 891 32.979115 0 
450 0 FT933-1875 892 32.973598 0 
450 0 FT923-5718 893 32.959419 0 
450 0 FBIS3-52736 894 32.944389 0 
450 0 FT931-12713 895 32.942810 0 
450 0 FBIS4-11701 896 32.940357 0 
450 0 FT943-3749 897 32.931686 0 
450 0 FBIS4-13131 898 32.924244 0 
450 0 FT934-12876 899 32.904930 0 
450 0 FT931-4362 900 32.903652 0 
450 0 FBIS4-58584 901 32.894920 0 
450 0 FT942-15619 902 32.890682 0 
450 0 FBIS3-34688 903 32.887550 0 
450 0 FT944-16013 904 32.874176 0 
450 0 FBIS4-58798 905 32.873219 0 
450 0 FBIS4-64695 906 32.871510 0 
450 0 FBIS4-26634 907 32.864239 0 
450 0 FBIS4-14055 908 32.845592 0 
450 0 FBIS4-12683 909 32.843182 0 
450 0 FBIS4-35986 910 32.842232 0 
450 0 FBIS3-34703 911 32.837234 0 
450 0 FT943-4630 912 32.831787 0 
450 0 FT944-6669 913 32.829807 0 
450 0 FBIS4-60369 914 32.825180 0 
450 0 FBIS4-12558 915 32.820568 0 
450 0 FT923-6936 916 32.814659 0 
450 0 FBIS3-52473 917 32.797527 0 
450 0 FBIS4-11926 918 32.775482 0 
450 0 FBIS4-12559 919 32.775208 0 
450 0 FT933-3710 920 32.768089 0 
450 0 FT944-3774 921 32.765518 0 
450 0 FBIS3-52737 922 32.760735 0 
450 0 FBIS4-66695 923 32.756634 0 
450 0 FBIS4-13586 924 32.743244 0 
450 0 FT911-2938 925 32.737141 0 
450 0 FBIS3-35328 926 32.735062 0 
450 0 FT924-14116 927 32.734764 0 
450 0 FBIS4-12196 928 32.705059 0 
450 0 FBIS4-4150 929 32.678364 0 
450 0 FT941-6217 930 32.659782 0 
450 0 FBIS3-13139 931 32.630997 0 
450 0 FBIS4-59718 932 32.616734 0 
450 0 FBIS3-13420 933 32.612198 0 
450 0 FBIS4-58518 934 32.611706 0 
450 0 FBIS4-58391 935 32.602646 0 
450 0 FT942-4856 936 32.596954 0 
450 0 FT933-3502 937 32.586536 0 
450 0 FBIS4-12810 938 32.583397 0 
450 0 FBIS3-33891 939 32.575150 0 
450 0 FT923-3885 940 32.572521 0 
450 0 FBIS4-52290 941 32.566380 0 
450 0 FBIS3-53604 942 32.563297 0 
450 0 FBIS4-13071 943 32.562168 0 
450 0 FT932-13801 944 32.542900 0 
450 0 FBIS4-35983 945 32.529766 0 
450 0 FT931-14172 946 32.515186 0 
450 0 FT922-14241 947 32.510017 0 
450 0 FBIS3-12855 948 32.508602 0 
450 0 FT934-63 949 32.501842 0 
450 0 FT921-14209 950 32.480347 0 
450 0 FT932-5035 951 32.472935 0 
450 0 FT941-6163 952 32.466793 0 
450 0 FBIS4-58513 953 32.463539 0 
450 0 FBIS4-38315 954 32.460678 0 
450 0 FT922-12576 955 32.459877 0 
450 0 FBIS4-66696 956 32.449089 0 
450 0 FBIS4-37518 957 32.445850 0 
450 0 FT944-13604 958 32.443539 0 
450 0 FBIS3-52400 959 32.442848 0 
450 0 FBIS3-52233 960 32.441769 0 
450 0 FT932-17451 961 32.427818 0 
450 0 FT931-16412 962 32.422340 0 
450 0 FBIS4-58707 963 32.409985 0 
450 0 FBIS4-9231 964 32.408859 0 
450 0 FT944-15086 965 32.400814 0 
450 0 FBIS4-59456 966 32.394695 0 
450 0 FBIS4-17882 967 32.392460 0 
450 0 FBIS4-60173 968 32.391663 0 
450 0 FT923-15612 969 32.388371 0 
450 0 FT931-11297 970 32.386314 0 
450 0 FBIS3-53567 971 32.366039 0 
450 0 FBIS4-58414 972 32.362041 0 
450 0 FT911-4328 973 32.357883 0 
450 0 FT924-16123 974 32.357323 0 
450 0 FBIS3-12205 975 32.355301 0 
450 0 FT944-2869 976 32.345413 0 
450 0 FBIS4-58795 977 32.340317 0 
450 0 FT944-15843 978 32.324905 0 
450 0 FT933-9847 979 32.322205 0 
450 0 FT922-4981 980 32.321278 0 
450 0 FT934-10069 981 32.296257 0 
450 0 FBIS4-59460 982 32.293571 0 
450 0 FT932-16676 983 32.290356 0 
450 0 FBIS3-14429 984 32.287403 0 
450 0 FT941-7129 985 32.280399 0 
450 0 FBIS4-59559 986 32.275620 0 
450 0 FBIS3-54400 987 32.274361 0 
450 0 FBIS3-14275 988 32.269466 0 
450 0 FT924-866 989 32.258984 0 
450 0 FT942-11624 990 32.255810 0 
450 0 FBIS3-14668 991 32.251518 0 
450 0 FBIS4-13182 992 32.250267 0 
450 0 FBIS3-54227 993 32.249924 0 
450 0 FBIS3-48474 994 32.249420 0 
450 0 FT931-6831 995 32.249107 0 
450 0 FBIS4-36323 996 32.237942 0 
450 0 FT931-4532 997 32.222622 0 
450 0 FT933-4142 998 32.221935 0 
450 0 FBIS3-18992 999 32.216190 0 
